source: idx = [30 30  0], pos = [ 0.      0.0005 -0.0005]
point a: idx = [12, 30, 0], pos = [-0.018   0.0005 -0.0005]
point b: idx = [12, 12, 0], pos = [-0.018  -0.0175 -0.0005]
0 0.0 0.0 0.0 0.0
10 5.57172028941047e-30 6.7876975412587515e-31 5.57172028941047e-30 6.7876975412587515e-31
20 2.7638077501003183e-26 2.4425629671544177e-27 2.7638077501003183e-26 2.4425629671544177e-27
30 1.7178630256125434e-23 9.8045776080295e-25 1.7178630256125434e-23 9.80457760802948e-25
40 1.3515146086079557e-21 3.9646236612927523e-23 1.3515146086036482e-21 3.964623660985517e-23
50 1.3486453342212544e-20 1.2357334175874373e-22 1.3486453315788225e-20 1.235733214947065e-22
60 1.715680028517538e-20 9.462466984826068e-23 1.715677814649488e-20 9.460664282595033e-23
70 2.8994681400961333e-21 2.1137505609756546e-22 2.8971476254647705e-21 2.094312850725428e-22
80 2.0424857440432667e-22 1.6475183720602857e-22 1.7776816589852867e-22 1.4345549021237254e-22
90 1.2250006474917418e-22 1.307610640206323e-22 9.210504721201527e-23 1.0893453529461195e-22
100 9.477949807199833e-23 1.0444240058601439e-22 4.9438546418933396e-23 5.294787638911332e-23
110 4.4803006416631687e-23 4.8486876017553754e-23 9.041389287561327e-24 8.463550690185958e-24
120 1.16974852021284e-23 1.1971396401884602e-23 2.0488034681573074e-24 1.6279699218701846e-24
130 2.0381727522647833e-24 1.8734682006067924e-24 5.31125842636388e-25 3.5514038815223093e-25
140 5.108821022546781e-25 4.792137016887626e-25 1.1139257698531697e-25 6.466282590270529e-26
150 1.1731309524989215e-25 8.699578404015699e-26 4.4506866057268105e-26 1.5896839408479338e-26
160 4.0241499717191023e-26 2.8331868940066924e-26 2.2627179027142685e-26 1.440632676718831e-26
170 2.552151553167459e-26 1.777023826736359e-26 1.7894233909814964e-26 1.138134102511596e-26
180 1.964022445485259e-26 1.3648466298351483e-26 1.0331449576743022e-26 6.241202476447308e-27
190 1.0182378940910406e-26 6.969898615357005e-27 2.5829525770304997e-27 9.580010800826873e-28
200 2.7686790822420084e-27 1.314161053009471e-27 9.232167564427641e-28 8.693849379586112e-29
210 1.1668161313879545e-27 2.664139870706616e-28 6.925632029540622e-28 8.780982078081935e-29
220 8.937596223855248e-28 2.1844397377851e-28 5.143196977366177e-28 7.116953397065499e-29
230 6.738095620205859e-28 1.7026046799529535e-28 3.652480535213757e-28 4.3702000712335084e-29
240 4.881145722642619e-28 1.1883226516791793e-28 2.5868766390174525e-28 2.5933345613192967e-29
250 3.532857203006262e-28 8.11174825300239e-29 1.8513380955605088e-28 1.4890534385584932e-29
260 2.592163083374289e-28 5.58562228448462e-29 1.3696351979756766e-28 9.431514568107005e-30
270 1.963506120085072e-28 4.0888661059380354e-29 1.0584426260033212e-28 7.784624151955763e-30
280 1.5410384889071595e-28 3.294503638416308e-29 8.178546657398714e-29 6.341078313618044e-30
290 1.21031032837449e-28 2.6706419642328053e-29 6.219792298088484e-29 4.4992238494595866e-30
300 9.409011097557561e-29 2.0725607319255364e-29 4.7575428845504364e-29 3.104865640276321e-30
310 7.364794527846591e-29 1.60023840844268e-29 3.6898665780421596e-29 2.2001291819061905e-30
320 5.840371797367064e-29 1.253336810456167e-29 2.896428062864098e-29 1.5915339358749896e-30
330 4.684716995024959e-29 9.923014576917512e-30 2.297841757211193e-29 1.1693190627116787e-30
340 3.796510920108179e-29 7.91748493070616e-30 1.8400597485129125e-29 8.67645575761831e-31
350 3.105555310355865e-29 6.354695565302993e-30 1.4856285378193942e-29 6.45492294673006e-31
360 2.561956202546835e-29 5.121920134910003e-30 1.2095567322044095e-29 4.820503624625295e-31
370 2.1312905843143358e-29 4.146706124185689e-30 9.93631868978758e-30 3.6359044800814853e-31
380 1.7880599585084716e-29 3.378261192485827e-30 8.232684764177947e-30 2.7689100734767526e-31
390 1.5118966003206897e-29 2.7725865151924156e-30 6.875552018358543e-30 2.123296566685128e-31
400 1.2873871402547327e-29 2.2942000731538064e-30 5.7859979670353074e-30 1.6389790397392218e-31
410 1.1032074520415414e-29 1.9166353994706812e-30 4.904897414095226e-30 1.2744334281896687e-31
420 9.508010358979571e-30 1.619279399799496e-30 4.187059415756703e-30 9.992617429295172e-32
430 8.235970499495859e-30 1.3855603277279602e-30 3.5977141012284966e-30 7.910300835317757e-32
440 7.165243876733667e-30 1.2020807192366879e-30 3.109929213902129e-30 6.329621865547832e-32
450 6.256466835275805e-30 1.057976823650516e-30 2.7027638027937933e-30 5.124720510636755e-32
460 5.4789634167038686e-30 9.444458845892743e-31 2.3599391378634898e-30 4.202587700949255e-32
470 4.808795258653357e-30 8.544092861395637e-31 2.0687564002524717e-30 3.4943878084243723e-32
480 4.2271894466702776e-30 7.822177682616859e-31 1.8192527912737115e-30 2.948284667661155e-32
490 3.7193149568920416e-30 7.233876058418751e-31 1.6035971539863536e-30 2.525012634864436e-32
500 3.2733955882763936e-30 6.743934077966215e-31 1.4156349799589972e-30 2.1948407504025604e-32
510 2.880041404843553e-30 6.325003029441501e-31 1.2505314906505739e-30 1.9352259250304734e-32
520 2.5317273748030426e-30 5.956197788827468e-31 1.104491766221644e-30 1.7290337737665768e-32
530 2.2223886854039977e-30 5.621868302457954e-31 9.745399397310279e-31 1.563186897854659e-32
540 1.9471059919684258e-30 5.310564625749636e-31 8.583437713885482e-31 1.4276366756119346e-32
550 1.7018585853470094e-30 5.014169188269268e-31 7.540754116457418e-31 1.3146173042145324e-32
560 1.483330033012164e-30 4.727175281349731e-31 6.603003077642927e-31 1.2181226962544287e-32
570 1.2887544706739328e-30 4.446093545912485e-31 5.758871440086042e-31 1.1335213518894674e-32
580 1.1157941156472685e-30 4.168967210237707e-31 4.999344240708289e-31 1.0572595703592522e-32
590 9.62441466029924e-31 3.8949789419750467e-31 4.3171107840112095e-31 9.866307104306472e-33
600 8.269416229643291e-31 3.624135256333211e-31 3.7060899536245964e-31 9.195984319208502e-33
610 7.077311775995651e-31 3.357015699273892e-31 3.1610576285662607e-31 8.546763328764816e-33
620 6.033908771419878e-31 3.0945752953908536e-31 2.677360459909975e-31 7.908573894540537e-33
630 5.1260986595237905e-31 2.837990385324622e-31 2.2507005865333793e-31 7.275627138613838e-33
640 4.341596695652822e-31 2.588539442175548e-31 1.876979763418715e-31 6.645820563348528e-33
650 3.668763387971296e-31 2.3475119064270044e-31 1.5521955885190976e-31 6.020027279623323e-33
660 3.096493422944343e-31 2.1161395197328096e-31 1.2723824731871796e-31 5.401354629444808e-33
670 2.614159048823981e-31 1.8955457680031259e-31 1.0335882373678363e-31 4.7944317484039804e-33
680 2.2115957708838663e-31 1.6867098587179953e-31 8.318777427189905e-32 4.204774505159133e-33
690 1.879119111610341e-31 1.4904424182202564e-31 6.633566816470516e-32 3.638277398204388e-33
700 1.6075621274853838e-31 1.3073707984626764e-31 5.242090896554476e-32 3.100834008002772e-33
710 1.3883245515713475e-31 1.1379322919011284e-31 4.1074223054651484e-32 2.5980229251024973e-33
720 1.21342578320069e-31 9.823737770438398e-32 3.194336455255919e-32 2.1347965533924384e-33
730 1.075555183685324e-31 8.407566211458382e-32 2.469766976261126e-32 1.7151880533144584e-33
740 9.681143208259152e-32 7.129659770537332e-32 1.903217070897873e-32 1.3421097761319598e-33
750 8.852471416659506e-32 5.987237382115854e-32 1.4670993638307224e-32 1.01728361707451e-33
760 8.218554975764637e-32 4.976043867972279e-32 1.1369827287712439e-32 7.412706727587787e-34
770 7.735987752461512e-32 4.09052952055638e-32 8.917361922839176e-33 5.135361893611414e-34
780 7.368774408110372e-32 3.3240437998170235e-32 7.135697743868267e-33 3.325132733465818e-34
790 7.088011377716291e-32 2.6690373573809287e-32 5.8797712021965614e-33 1.9567488382250294e-34
800 6.871427350987623e-32 2.1172671294884633e-32 5.035882001225374e-33 9.964058726454987e-35
810 6.702803716064303e-32 1.6599992711809224e-32 4.5194363446970886e-33 4.032633005923422e-35
820 6.571299789822892e-32 1.288205001187787e-32 4.272046073145565e-33 1.3125109983226309e-35
830 6.470710074564035e-32 9.92744970668447e-33 4.2581418199357093e-33 1.310236180098214e-35
840 6.398681525664816e-32 7.645384783044149e-33 4.461270219572965e-33 3.519124108120838e-35
850 6.35591758350732e-32 5.947150223622767e-33 4.880237796878537e-33 7.437283102602356e-35
860 6.345393316694517e-32 4.747468530799542e-33 5.525242285309379e-33 1.2582878721934089e-34
870 6.371603856673892e-32 3.965615575537179e-33 6.414116251094638e-33 1.8505938722884616e-34
880 6.439866164652827e-32 3.5263361448975264e-33 7.56880027726467e-33 2.479666121178032e-34
890 6.555690793033765e-32 3.3605430352205644e-33 9.012148028744926e-33 3.1090982209469715e-34
900 6.724235646654092e-32 3.4058045539176555e-33 1.0765137927608495e-32 3.7074689781800537e-34
910 6.94984909058146e-32 3.606635181465968e-33 1.2844536505068975e-32 4.248701912219129e-34
920 7.235706053978072e-32 3.914607731840069e-33 1.5261037583130903e-32 4.712347589615564e-34
930 7.583537819067248e-32 4.288305246248483e-33 1.8017887882921243e-32 5.083663451792887e-34
940 7.993453275660218e-32 4.693132095485848e-33 2.1109993293555725e-32 5.353393553733723e-34
950 8.463846690860953e-32 5.101005703973377e-33 2.4523479002615257e-32 5.517283342089544e-34
960 8.991385088947582e-32 5.4899493754070196e-33 2.8235661045146197e-32 5.575466851020595e-34
970 9.571066987557007e-32 5.8436045136925175e-33 3.221538223720186e-32 5.531853266612567e-34
980 1.0196342910151988e-31 6.150681058151753e-33 3.6423666458922645e-32 5.39355234859375e-34
990 1.0859286849795155e-31 6.404367467372686e-33 4.081464383008615e-32 5.170299934718729e-34
