source: idx = [30 30  0], pos = [ 0.      0.0005 -0.0005]
point a: idx = [12, 30, 0], pos = [-0.018   0.0005 -0.0005]
point b: idx = [12, 12, 0], pos = [-0.018  -0.0175 -0.0005]
0 0.0 0.0 0.0 0.0
10 5.57172028941047e-30 6.7876975412587515e-31 5.57172028941047e-30 6.7876975412587515e-31
20 2.7638077501003183e-26 2.4425629671544177e-27 2.7638077501003183e-26 2.4425629671544177e-27
30 1.7178630256125434e-23 9.8045776080295e-25 1.7178630256125434e-23 9.80457760802948e-25
40 1.3515146086079554e-21 3.964623661292724e-23 1.3515146086036482e-21 3.9646236609855304e-23
50 1.3486453342195412e-20 1.2357334175304712e-22 1.3486453315785117e-20 1.2357332149793944e-22
60 1.7156800250565192e-20 9.462465331852989e-23 1.7156778142123063e-20 9.460664728334382e-23
70 2.8994577534581342e-21 2.1136851132318265e-22 2.897146940569488e-21 2.094319683943439e-22
80 2.0380867849787793e-22 1.644215464837257e-22 1.7776053197600903e-22 1.4346247183410865e-22
90 1.203758529175022e-22 1.2905383646603242e-22 9.21555323504267e-23 1.0887271969365154e-22
100 9.477916857262368e-23 1.0457977355471542e-22 4.949124022905627e-23 5.285212251355035e-23
110 4.5532278194115206e-23 4.8545282411796614e-23 9.026261090110291e-24 8.465151576817866e-24
120 1.1920624072225689e-23 1.184529184166153e-23 2.0553125003149356e-24 1.6138266515407748e-24
130 2.120227802485096e-24 1.9600385248543724e-24 5.339180924601293e-25 3.4737329229224727e-25
140 5.96451135329468e-25 6.052872957884009e-25 1.11598563746172e-25 6.504293282582856e-26
150 1.5066218326052493e-25 1.202538881571258e-25 4.660903499014915e-26 1.5417308177841792e-26
160 5.893855620772544e-26 3.911018694729714e-26 2.382174741466636e-26 1.579755631144244e-26
170 3.9851584329560457e-26 2.3172893888524824e-26 1.9482067946624093e-26 1.2736773015010097e-26
180 2.975946214335181e-26 1.7692515329164346e-26 1.153504880457928e-26 7.156318773615101e-27
190 1.6990282979287373e-26 9.956871192467525e-27 2.744640398890722e-27 1.072548759871922e-27
200 8.867225192531533e-27 2.4074941005906183e-27 9.125087513291977e-28 7.647269025398158e-29
210 6.965716845466523e-27 6.596827391453906e-28 6.971102826332977e-28 8.564064078483091e-29
220 5.8940875676392416e-27 4.934762832994486e-28 5.255377464845902e-28 7.264382955938837e-29
230 5.030333683701874e-27 3.9668402480114693e-28 3.766730281072565e-28 4.446482540749511e-29
240 4.362265276360664e-27 2.952424627378869e-28 2.681458619577948e-28 2.6101517144702264e-29
250 3.82898083859605e-27 2.166258474145396e-28 1.9233656197951113e-28 1.4471145184322644e-29
260 3.402552929625554e-27 1.6089911770583993e-28 1.4304412533715336e-28 8.880568773372574e-30
270 3.0577696905996178e-27 1.234644171876819e-28 1.1195916898454015e-28 7.687315680043267e-30
280 2.755134882181297e-27 1.0136124595561021e-28 8.744477581679487e-29 6.560215446139345e-30
290 2.489450084174165e-27 8.527319908846524e-29 6.674093028269104e-29 4.7048054708776114e-30
300 2.2640279444282997e-27 6.99872732242053e-29 5.109001058532235e-29 3.241540911549964e-30
310 2.0699881791449183e-27 5.725539432915117e-29 3.9644061653606846e-29 2.2978931997096294e-30
320 1.9004993875099348e-27 4.746205863914017e-29 3.1139276824738797e-29 1.6660892132954546e-30
330 1.7515496305569002e-27 3.979966879409382e-29 2.4734986374359424e-29 1.2296416946611919e-30
340 1.619919609838334e-27 3.3683451634557925e-29 1.9850083639451264e-29 9.179945356801896e-31
350 1.502980753223382e-27 2.872697835864082e-29 1.6078066238415776e-29 6.865605920633389e-31
360 1.3986720918991846e-27 2.463988040305942e-29 1.315249186416295e-29 5.151250999854911e-31
370 1.3052227582262962e-27 2.1231025458618492e-29 1.0879889144546835e-29 3.9112619678239877e-31
380 1.221075610980227e-27 1.8380428515467471e-29 9.101799695548857e-30 3.0046588427043403e-31
390 1.1449986193695767e-27 1.5982796286215387e-29 7.699398864363404e-30 2.3266750707715627e-31
400 1.0759987169978452e-27 1.3949609444133566e-29 6.587037188005538e-30 1.8150886026852796e-31
410 1.0132315680836152e-27 1.2216764013953859e-29 5.699345819512373e-30 1.4277713520735431e-31
420 9.559745766910058e-28 1.0735409279601503e-29 4.984420726916561e-30 1.1338242489472515e-31
430 9.036027440010278e-28 9.466164622551846e-30 4.400388964841936e-30 9.103513975536411e-32
440 8.555676064430783e-28 8.376773160525216e-30 3.91328442519324e-30 7.400748005019507e-32
450 8.113840372528396e-28 7.440379879097984e-30 3.495894113300656e-30 6.099054290125998e-32
460 7.706222777435806e-28 6.634252391877105e-30 3.1271949699780697e-30 5.101530489182813e-32
470 7.329016823425095e-28 5.939140613225761e-30 2.791794140061236e-30 4.336153573527023e-32
480 6.978870493470767e-28 5.338745408784797e-30 2.4792910536799775e-30 3.747696831243054e-32
490 6.652865729640018e-28 4.8191299605936925e-30 2.1836392498606285e-30 3.2932158141643007e-32
500 6.348492977721638e-28 4.368322753845653e-30 1.9024239144711344e-30 2.939210244175388e-32
510 6.063619539781402e-28 3.976047705813714e-30 1.6360415786913193e-30 2.659440276995815e-32
520 5.796452901718095e-28 3.633491114222505e-30 1.3868418947157875e-30 2.433338402398323e-32
530 5.545498231866328e-28 3.333105985914724e-30 1.1582933076311318e-30 2.2448609819314914e-32
540 5.3095114968767435e-28 3.068450098907851e-30 9.54226435142433e-31 2.0816222729484414e-32
550 5.087451669129572e-28 2.8340447531590323e-30 7.781982338241721e-31 1.9342596398610804e-32
560 4.878435361532376e-28 2.6252495294878145e-30 6.3300224523949865e-31 1.7959719175594607e-32
570 4.681695775490151e-28 2.438154255096322e-30 5.203328640922312e-31 1.6621266448743618e-32
580 4.496546940040559e-28 2.2694846624747398e-30 4.406002375738011e-31 1.529883310908434e-32
590 4.322354167011886e-28 2.1165166167408125e-30 3.9288271181282637e-31 1.3978317409771841e-32
600 4.158511415955977e-28 1.9769967489558232e-30 3.7499562391665927e-31 1.2656616244944988e-32
610 4.004425671355531e-28 1.8490693152383807e-30 3.8365063616682344e-31 1.1338883004888286e-32
620 3.859507866812612e-28 1.7312107967139835e-30 4.146783540710875e-31 1.003634747700567e-32
630 3.723169182184204e-28 1.6221744183109434e-30 4.632881249329329e-31 8.764367002031464e-33
640 3.594821098370077e-28 1.5209438974280078e-30 5.2434180798960505e-31 7.540481968133674e-33
650 3.473878037033224e-28 1.426692797490775e-30 5.926218519303443e-31 6.38257030488352e-33
660 3.3597620404822923e-28 1.3387474253026408e-30 6.63077957184273e-31 5.3072889362619055e-33
670 3.251908892939234e-28 1.2565542869543057e-30 7.310409058432845e-31 4.328899497823095e-33
680 3.149774783387529e-28 1.1796530777998687e-30 7.923962714112317e-31 3.458510898859003e-33
690 3.05284274964822e-28 1.1076546276988403e-30 8.437142932853563e-31 2.7037213004783766e-33
700 2.9606284686855885e-28 1.0402233056627203e-30 8.823352972118733e-31 2.0685676368808367e-33
710 2.8726850289344e-28 9.770639889095344e-31 9.064126577566337e-31 1.5536541288760522e-33
720 2.7886063243769183e-28 9.179128596920233e-31 9.14917175542941e-31 1.1563797370129007e-33
730 2.7080289585441205e-28 8.625301060532609e-31 9.076078238064073e-31 8.712655630872738e-34
740 2.6306328922305063e-28 8.106931853859117e-31 8.84974459338308e-31 6.904000465604088e-34
750 2.5561411313759114e-28 7.6219124868601e-31 8.481585683199948e-31 6.039661946017491e-34
760 2.4843185186829694e-28 7.168220419771892e-31 7.988582764369363e-31 6.00772770600854e-34
770 2.4149695513927615e-28 6.743912955100655e-31 7.392235188492992e-31 6.68728384813463e-34
780 2.3479352829370138e-28 6.3471323088538e-31 6.717465927962521e-31 7.952499398739707e-34
790 2.2830895708827618e-28 5.976108234912913e-31 5.991525726005096e-31 9.676331448205972e-34
800 2.220335002874456e-28 5.629153957717956e-31 5.242933854419601e-31 1.1734053084184864e-33
810 2.1595987528106184e-28 5.304659978210078e-31 4.500487001720408e-31 1.4006543042948295e-33
820 2.1008284782789917e-28 5.001091891397818e-31 3.7923607336482935e-31 1.6383190614193273e-33
830 2.0439882935407575e-28 4.716992352520755e-31 3.1453202358700666e-31 1.8764299599801357e-33
840 1.9890548969058315e-28 4.45098213073825e-31 2.5840501161641066e-31 2.1062818624695014e-33
850 1.936013990640325e-28 4.2017581104117945e-31 2.130607975250436e-31 2.32052050634764e-33
860 1.8848570835935539e-28 3.968092221188365e-31 1.804002562763809e-31 2.5131413740485764e-33
870 1.835578661408966e-28 3.7488352444164634e-31 1.619893543828092e-31 2.6794254072180573e-33
880 1.7881736764388834e-28 3.542923682588484e-31 1.5904063047271868e-31 2.815847568051857e-33
890 1.7426353626288382e-28 3.349384272529089e-31 1.7240525048901316e-31 2.9199898564453355e-33
900 1.6989534275736325e-28 3.1673326288348245e-31 2.025745375432772e-31 2.9904755572214415e-33
910 1.6571126624736755e-28 2.9959662782214044e-31 2.4968977821073245e-31 3.0269195786649988e-33
920 1.6170919709041168e-28 2.8345544393994167e-31 3.1355907121768598e-31 3.0298691162047877e-33
930 1.5788637842202424e-28 2.6824276337364573e-31 3.9368000376597747e-31 3.000705818759291e-33
940 1.5423938026162665e-28 2.538970342032748e-31 4.89266975871449e-31 2.941502734699938e-33
950 1.5076409780666277e-28 2.403618355960568e-31 5.9928201800864775e-31 2.8548598032045328e-33
960 1.4745576640144568e-28 2.275859188403706e-31 7.224679919189991e-31 2.743753788741026e-33
970 1.4430899006288722e-28 2.1552316448278804e-31 8.573831663549084e-31 2.6114239779828613e-33
980 1.413177845597087e-28 2.041321699922551e-31 1.0024363054780343e-30 2.461288996928799e-33
990 1.3847563618755222e-28 1.9337551234191096e-31 1.155921544823809e-30 2.296874468186037e-33
